x/((sin(3*x))^2)-11

>> x=[0.1 0.28 0.46 0.64 0.82 1.0]
>> fx=x./((sin(3*x)).^2)-11

fx =
-9.8549  -10.4950  -10.5228  -10.2751   -8.9342   39.2138